280	100	116	76	10
891	99
1	8
4	4
4	6
5	2
6	0
7	0
7	2
7	3
7	5
8	2
10	7
12	1
12	8
13	0
14	5
17	1
17	6
19	0
19	5
19	7
19	8
20	7
21	7
23	2
23	4
25	5
26	7
27	3
27	7
28	6
30	1
30	3
32	5
32	7
33	1
33	3
34	7
34	8
35	2
35	3
35	4
35	5
35	7
36	3
36	4
36	5
36	6
37	0
37	4
37	5
37	6
38	4
38	5
38	6
39	4
39	5
39	6
40	4
40	5
40	6
41	5
42	8
43	3
43	4
43	5
44	5
46	2
46	9
47	2
47	4
48	5
48	6
49	2
50	4
52	8
53	6
54	6
55	1
55	7
56	4
56	7
57	3
59	9
62	3
62	8
63	7
64	0
64	4
64	7
64	9
65	5
67	3
67	6
67	7
68	4
70	6
71	7
72	5
75	3
0	5
0	7
1	4
1	7
2	8
3	6
3	8
4	0
8	7
9	5
11	5
12	0
12	2
12	3
12	9
13	3
14	3
16	6
17	9
19	3
20	9
24	1
25	7
26	2
26	3
26	6
30	0
31	1
32	1
33	2
34	1
35	5
36	0
36	4
36	5
36	6
37	1
37	2
37	4
37	5
37	6
38	4
38	5
38	6
39	0
39	2
39	4
39	5
39	6
39	7
40	4
40	5
40	6
41	3
41	5
41	8
43	6
44	2
44	4
45	4
45	9
46	0
47	9
50	1
50	2
50	6
51	9
52	4
54	0
54	2
55	9
56	5
57	5
58	5
58	7
59	3
59	5
61	4
61	5
61	8
61	9
62	0
62	4
63	1
63	4
63	8
63	9
65	1
65	6
66	2
67	0
67	2
67	9
69	8
71	6
72	3
72	8
73	2
75	1
1	6
2	0
3	9
4	2
4	5
4	7
5	0
6	3
6	6
9	1
9	2
10	2
10	4
10	5
10	8
11	2
11	3
11	7
13	1
13	4
14	8
15	7
16	9
18	1
18	5
18	9
19	2
20	0
22	9
23	9
24	0
24	9
27	2
27	4
27	8
28	4
28	8
28	9
29	4
29	6
30	2
30	6
31	5
35	5
36	1
36	4
36	5
36	6
37	3
37	4
37	5
37	6
38	4
38	5
38	6
39	1
39	4
39	5
39	6
40	4
40	5
40	6
40	7
41	1
41	5
42	0
42	2
42	5
45	7
46	8
48	9
49	3
49	5
50	7
51	1
52	6
52	9
53	2
53	4
54	7
54	9
56	9
57	0
57	6
57	9
58	4
62	7
63	5
64	8
66	5
66	7
67	5
68	3
69	4
70	9
73	8
74	3
74	6
75	4
0	4
0	8
1	9
4	9
8	8
9	0
9	3
9	4
10	1
11	1
11	8
13	5
13	7
14	4
15	0
18	4
18	7
19	4
20	2
21	2
21	8
22	5
23	5
23	7
24	5
24	6
24	8
25	6
26	0
26	1
26	4
27	5
30	9
31	0
33	8
33	9
34	9
35	0
35	5
36	4
36	5
36	6
37	4
37	5
37	6
37	7
37	8
38	4
38	5
38	6
38	9
39	4
39	5
39	6
40	0
40	3
40	4
40	5
40	6
41	5
41	7
42	4
43	1
43	9
44	0
45	3
45	8
46	3
46	7
47	0
47	3
48	3
49	1
51	2
51	4
53	1
53	9
54	3
55	8
57	1
58	2
59	0
59	1
60	4
60	8
61	3
62	1
65	0
65	2
65	7
68	5
68	7
69	5
69	6
70	1
71	0
71	2
73	0
75	5
2	7
3	1
3	7
4	3
6	7
6	9
7	8
9	7
9	9
13	8
14	0
15	5
16	0
16	1
16	8
20	1
20	8
21	1
21	5
22	0
22	1
22	8
24	4
25	1
25	8
28	0
28	1
28	3
28	7
29	1
29	7
29	9
31	7
32	3
33	7
35	5
36	2
36	4
36	5
36	6
36	9
37	4
37	5
37	6
38	2
38	4
38	5
38	6
39	4
39	5
39	6
40	1
40	4
40	5
40	6
40	8
41	5
43	8
44	1
44	7
44	9
47	7
49	6
49	8
50	0
50	3
51	3
51	7
52	7
53	8
54	5
55	3
56	3
57	2
57	8
58	1
59	2
60	0
60	1
60	9
63	2
63	6
64	1
64	5
65	3
66	3
67	4
68	0
69	2
69	3
71	8
72	0
72	4
72	9
73	4
73	7
73	9
75	2
75	7
1	3
1	5
2	2
2	6
5	8
6	1
7	4
7	7
7	9
8	3
8	4
8	6
11	4
12	4
13	9
14	1
15	2
16	2
17	4
17	7
17	8
18	6
20	4
20	5
22	2
22	4
23	3
23	8
24	3
25	9
27	1
28	2
28	5
29	2
29	3
31	2
31	3
31	4
33	0
33	5
34	6
35	5
35	8
36	4
36	5
36	6
37	4
37	5
37	6
37	9
38	4
38	5
38	6
38	7
38	8
39	4
39	5
39	6
40	4
40	5
40	6
41	5
41	6
42	3
43	0
44	6
45	5
46	5
47	5
47	6
48	2
49	4
50	9
51	0
51	5
53	3
54	8
55	5
56	1
56	2
57	7
58	0
58	3
58	6
58	9
59	4
59	8
61	0
62	5
66	1
70	7
70	8
71	4
73	1
73	3
73	5
74	2
75	6
75	9
1	2
2	3
3	2
3	3
3	5
4	1
5	7
6	2
6	4
7	1
7	6
9	6
10	0
10	3
12	6
14	6
14	9
15	8
16	3
16	4
17	0
17	2
18	2
22	6
23	0
23	6
25	0
25	3
26	5
26	8
27	0
29	8
30	4
30	8
32	0
32	8
33	4
33	6
34	0
34	2
34	4
35	1
35	5
36	4
36	5
36	6
36	7
37	4
37	5
37	6
38	0
38	4
38	5
38	6
39	3
39	4
39	5
39	6
40	4
40	5
40	6
40	9
41	0
41	4
41	5
42	9
43	2
44	3
45	1
45	2
47	1
47	8
48	0
49	0
50	5
52	5
53	7
54	4
59	7
60	2
60	3
61	2
64	3
64	6
65	4
66	0
66	6
66	8
66	9
68	6
68	8
69	0
70	0
70	5
71	3
71	9
72	2
74	4
74	9
0	2
1	1
2	4
2	5
2	9
3	0
3	4
4	8
5	1
5	3
5	6
5	9
6	8
8	1
10	9
12	5
13	6
15	1
15	3
15	9
17	3
18	8
20	3
20	6
21	3
21	4
22	7
23	1
25	2
25	4
27	6
31	6
31	9
32	4
32	6
32	9
34	3
35	5
35	6
36	4
36	5
36	6
37	4
37	5
37	6
38	4
38	5
38	6
39	4
39	5
39	6
40	4
40	5
40	6
41	5
41	9
42	1
42	6
42	7
43	7
44	8
45	6
46	1
46	4
46	6
48	4
48	7
49	7
50	8
52	1
53	0
53	5
54	1
55	0
55	2
55	6
56	6
56	8
60	5
60	7
61	7
62	2
62	6
62	9
63	0
64	2
65	8
66	4
67	1
68	1
68	2
69	1
69	9
71	5
73	6
74	0
74	1
74	7
74	8
0	3
0	6
2	1
5	4
5	5
6	5
8	0
8	5
8	9
9	8
10	6
11	0
11	6
11	9
12	7
13	2
14	2
14	7
15	4
15	6
16	5
16	7
17	5
18	0
18	3
19	1
19	6
19	9
21	0
21	6
21	9
22	3
24	2
24	7
26	9
27	9
29	0
29	5
30	5
30	7
31	8
32	2
34	5
35	5
35	9
36	4
36	5
36	6
36	8
37	4
37	5
37	6
38	1
38	3
38	4
38	5
38	6
39	4
39	5
39	6
39	8
39	9
40	2
40	4
40	5
40	6
41	2
41	5
45	0
48	1
48	8
49	9
51	6
51	8
52	0
52	2
52	3
55	4
56	0
57	4
58	8
59	6
60	6
61	1
61	6
63	3
65	9
67	8
68	9
69	7
70	2
70	3
70	4
71	1
72	1
72	6
72	7
74	5
75	8
