280	80	78	52	8
513	57
6	0
6	1
7	3
8	5
9	0
14	4
14	6
15	5
16	7
17	3
19	0
20	4
20	6
21	5
22	4
23	0
23	4
24	4
24	7
25	3
25	4
25	5
25	6
26	3
26	4
26	5
27	0
27	3
27	4
27	5
28	4
28	7
29	4
30	7
31	1
31	2
32	3
33	0
33	6
35	4
37	1
38	1
39	2
39	6
40	7
41	1
41	7
42	1
42	4
44	2
46	5
48	3
48	6
49	0
50	4
50	7
51	2
1	1
1	2
2	5
5	1
6	4
8	4
11	1
11	3
12	5
13	1
14	3
16	5
16	6
18	0
18	4
19	1
19	4
19	5
19	6
20	1
20	3
22	6
22	7
23	4
23	5
24	0
24	4
25	3
25	4
25	5
26	2
26	3
26	4
26	5
27	3
27	4
27	5
27	7
28	4
29	1
29	2
29	4
30	5
31	3
31	5
32	5
36	3
37	5
38	5
41	0
41	4
42	5
43	0
43	5
44	6
45	0
47	6
0	4
1	3
2	2
2	7
3	6
3	7
6	5
7	0
7	2
9	6
10	0
12	1
12	3
15	4
16	4
17	2
20	2
21	6
23	1
23	3
23	4
24	2
24	4
25	3
25	4
25	5
26	3
26	4
26	5
27	3
27	4
27	5
28	4
29	4
30	3
31	6
33	2
34	6
36	2
36	4
36	5
36	7
38	0
38	2
38	4
39	0
40	0
40	2
40	4
42	6
43	2
43	4
44	0
44	5
46	0
46	1
49	2
0	5
2	1
3	0
3	1
4	7
5	0
5	4
6	2
7	1
8	1
8	2
8	7
9	2
12	4
13	2
13	3
14	5
15	2
15	7
18	1
18	6
21	3
23	2
23	4
24	1
24	4
25	1
25	3
25	4
25	5
26	0
26	3
26	4
26	5
27	3
27	4
27	5
28	4
29	4
29	6
31	0
32	1
33	4
35	3
35	5
35	7
37	4
39	5
41	6
44	4
45	1
45	3
46	3
46	7
47	1
49	4
50	1
4	1
4	2
5	6
6	7
9	7
10	1
10	5
12	0
13	5
15	6
16	0
16	2
17	7
18	2
18	3
18	5
19	3
20	0
22	0
22	1
23	4
24	4
25	3
25	4
25	5
26	3
26	4
26	5
26	7
27	3
27	4
27	5
28	4
28	6
29	4
30	0
34	0
34	4
35	2
35	6
37	7
38	3
38	6
40	3
41	2
42	2
44	1
45	4
46	2
46	4
47	3
48	0
48	1
49	1
49	6
49	7
51	1
1	7
4	0
5	2
5	7
6	3
8	3
10	4
12	6
13	0
13	7
14	2
16	1
17	0
17	1
21	0
22	3
23	4
23	6
23	7
24	4
24	5
25	3
25	4
25	5
25	7
26	3
26	4
26	5
27	3
27	4
27	5
27	6
28	1
28	4
29	4
30	2
32	0
33	7
34	1
34	5
34	7
35	1
36	0
37	6
40	1
41	3
41	5
43	1
44	3
45	7
47	5
48	2
48	5
48	7
50	5
51	5
51	7
1	4
2	4
2	6
3	2
3	3
3	4
3	5
7	5
8	0
8	6
9	3
10	6
11	4
11	5
11	7
12	2
13	6
14	1
15	3
17	6
20	7
21	1
21	2
23	4
24	4
24	6
25	0
25	2
25	3
25	4
25	5
26	3
26	4
26	5
26	6
27	3
27	4
27	5
28	4
29	3
29	4
30	1
31	4
31	7
32	7
34	3
36	1
39	4
40	5
42	3
43	6
43	7
47	2
47	7
48	4
49	3
51	6
0	3
1	6
4	4
4	5
5	5
6	6
9	5
11	0
12	7
13	4
14	0
14	7
15	0
16	3
17	5
18	7
21	4
22	5
23	4
24	4
25	3
25	4
25	5
26	1
26	3
26	4
26	5
27	2
27	3
27	4
27	5
28	0
28	3
28	4
29	0
29	4
29	5
30	4
32	4
32	6
33	3
33	5
35	0
36	6
37	0
37	3
39	1
39	3
44	7
45	2
45	5
45	6
47	0
47	4
49	5
51	3
51	4
0	2
0	6
1	5
2	3
4	3
4	6
5	3
7	4
7	6
7	7
9	1
9	4
10	2
10	3
10	7
11	2
11	6
15	1
17	4
19	2
19	7
20	5
21	7
22	2
23	4
24	3
24	4
25	3
25	4
25	5
26	3
26	4
26	5
27	1
27	3
27	4
27	5
28	2
28	4
28	5
29	4
29	7
30	6
32	2
33	1
34	2
37	2
38	7
39	7
40	6
42	0
42	7
43	3
46	6
50	2
50	3
50	6
