280	96	124	84	12
1177	107
0	10
1	2
2	8
3	10
5	3
5	6
7	5
7	7
7	10
8	7
9	4
9	11
10	10
15	1
15	11
16	0
16	6
17	0
17	8
17	11
18	1
19	0
19	9
20	7
21	9
22	8
22	9
23	0
23	5
23	6
25	4
27	7
27	8
27	9
27	10
30	8
32	1
33	6
33	9
36	6
37	3
37	7
37	11
38	5
38	8
39	5
39	6
39	9
40	5
40	6
40	7
40	9
41	2
41	5
41	6
41	7
42	5
42	6
42	7
43	0
43	5
43	6
43	7
44	5
44	6
44	7
44	9
44	11
45	1
45	6
45	10
46	2
49	9
50	10
50	11
51	0
51	7
52	1
52	2
52	7
55	3
56	4
57	10
59	10
61	11
62	4
62	8
63	5
63	7
63	11
65	7
66	5
68	3
68	10
69	8
69	10
72	6
73	11
74	0
74	8
77	3
78	0
78	1
79	1
79	9
81	8
83	3
0	1
0	3
0	6
0	8
0	11
1	0
1	6
2	6
4	2
4	4
4	8
6	11
7	6
8	6
9	0
10	5
10	9
11	8
12	2
12	8
13	11
14	4
14	9
18	2
19	1
21	11
22	0
23	9
24	11
25	8
26	0
28	1
28	6
29	4
29	9
30	5
31	7
33	1
34	1
36	8
39	6
39	11
40	0
40	5
40	6
40	7
41	5
41	6
41	7
41	8
41	9
42	5
42	6
42	7
42	8
43	1
43	5
43	6
43	7
44	5
44	6
44	7
44	10
45	2
45	4
45	6
45	8
46	6
46	9
46	11
47	6
48	10
49	1
50	0
50	1
50	2
51	10
53	9
54	5
55	2
56	2
56	5
58	9
61	4
62	10
63	0
63	4
63	10
64	10
65	3
65	8
65	9
66	6
66	8
67	8
69	1
74	11
75	1
75	8
75	9
76	1
76	8
78	7
79	0
79	11
81	11
82	2
0	7
1	9
1	10
3	1
3	7
4	7
5	8
5	9
6	2
6	7
7	2
7	8
9	7
9	9
12	9
13	2
13	9
14	1
15	6
16	11
17	3
19	2
19	11
20	11
21	0
21	3
21	8
22	4
23	2
24	8
27	0
27	1
28	10
29	0
30	0
30	4
31	4
32	7
34	5
35	7
35	10
36	0
36	9
36	10
37	4
37	10
39	6
40	5
40	6
40	7
41	5
41	6
41	7
42	5
42	6
42	7
43	5
43	6
43	7
43	11
44	1
44	5
44	6
44	7
45	6
46	3
46	8
49	3
50	6
51	6
53	4
54	0
55	1
55	5
56	8
57	9
58	2
58	7
58	8
60	4
61	5
61	10
62	6
63	6
63	8
64	2
64	3
64	7
65	11
66	1
66	9
67	0
67	3
67	9
69	6
71	8
71	9
71	11
73	6
76	7
76	11
78	4
80	1
80	2
80	4
80	9
83	0
1	8
2	4
2	9
3	2
3	6
3	8
6	1
6	8
7	11
8	9
9	1
9	3
12	3
13	5
13	8
14	8
15	3
16	1
16	4
17	4
17	7
19	5
20	5
21	2
21	5
22	1
22	11
25	0
25	1
25	7
26	1
27	3
27	6
28	7
29	1
30	1
30	3
30	10
33	7
34	3
34	7
36	11
37	0
38	2
39	6
40	3
40	5
40	6
40	7
41	5
41	6
41	7
42	5
42	6
42	7
43	3
43	4
43	5
43	6
43	7
44	5
44	6
44	7
45	5
45	6
47	9
48	4
48	6
49	2
49	11
51	9
53	2
53	6
53	7
54	1
54	2
54	10
55	11
57	0
57	2
57	3
58	6
59	0
60	5
61	1
62	1
63	9
64	6
65	4
67	1
68	4
70	0
70	2
70	10
72	0
72	3
72	11
73	7
74	10
77	6
77	11
78	6
81	4
81	5
81	9
82	10
83	8
1	3
3	0
4	5
7	0
8	3
10	1
10	6
10	7
11	5
11	9
12	1
12	6
16	3
17	5
18	9
20	0
21	1
24	0
24	7
25	2
25	6
26	8
26	10
27	2
29	3
29	7
29	8
33	3
33	8
34	2
34	6
35	4
37	1
37	8
38	3
38	11
39	6
39	7
40	2
40	5
40	6
40	7
40	10
41	5
41	6
41	7
42	5
42	6
42	7
42	10
43	5
43	6
43	7
44	4
44	5
44	6
44	7
45	0
45	6
45	7
46	5
47	0
47	4
48	7
49	5
51	2
53	0
53	10
54	7
56	6
59	7
60	3
61	2
62	0
62	9
63	3
66	0
67	2
67	11
68	8
68	9
69	3
69	4
69	5
70	1
70	5
70	6
71	4
72	1
72	8
72	9
72	10
73	1
73	4
75	2
75	4
75	5
75	10
76	3
76	4
78	10
79	4
81	2
82	5
82	8
82	11
83	1
0	5
2	0
3	5
4	1
5	0
6	4
6	6
8	2
8	5
9	8
11	1
11	2
11	11
12	10
14	2
14	5
15	0
16	7
16	9
18	5
20	6
20	9
21	4
22	6
22	10
24	1
25	9
25	11
26	4
27	4
29	6
30	9
31	0
31	8
31	10
32	0
32	3
37	9
39	6
39	10
40	5
40	6
40	7
41	1
41	5
41	6
41	7
42	5
42	6
42	7
43	2
43	5
43	6
43	7
44	0
44	2
44	3
44	5
44	6
44	7
45	3
45	6
46	10
47	7
48	2
48	5
50	8
51	1
51	4
52	0
52	6
52	9
52	10
53	8
54	8
54	9
54	11
56	0
56	3
56	10
56	11
57	1
59	4
59	6
61	3
61	6
64	1
64	8
66	10
67	5
68	0
68	2
69	2
69	9
71	3
71	5
71	7
73	10
74	3
74	4
75	3
77	5
77	9
78	3
80	6
80	10
81	3
0	4
1	11
3	3
4	0
5	5
6	3
8	4
8	11
10	2
10	11
12	5
13	3
15	2
15	8
16	2
16	5
17	1
17	6
18	0
18	8
19	4
20	8
21	6
23	4
24	4
25	10
26	7
28	3
28	8
29	10
30	2
30	6
31	1
33	5
34	4
34	8
34	10
35	1
35	3
35	8
36	4
36	7
38	9
39	1
39	6
40	5
40	6
40	7
41	5
41	6
41	7
42	5
42	6
42	7
42	11
43	5
43	6
43	7
44	5
44	6
44	7
45	6
47	3
47	8
49	0
50	5
50	7
52	5
52	11
53	3
55	8
55	9
57	4
58	4
58	10
59	9
59	11
60	8
61	0
62	5
64	4
64	11
65	5
66	2
66	3
67	6
68	7
68	11
69	7
70	9
72	4
72	5
73	0
74	9
75	6
76	9
77	0
77	10
79	6
79	10
80	0
82	0
83	2
83	4
83	5
83	6
83	10
1	5
2	1
2	2
2	11
3	9
3	11
4	10
7	3
7	4
8	8
8	10
9	2
9	10
10	3
11	0
11	4
11	6
12	7
13	4
13	7
14	0
14	10
15	10
16	10
17	9
19	3
20	1
20	2
20	3
21	10
22	3
22	7
24	5
24	6
24	9
26	2
26	6
26	11
28	5
29	5
30	11
31	11
32	2
32	5
32	8
32	10
33	0
33	10
36	1
37	6
39	6
39	8
40	5
40	6
40	7
40	11
41	3
41	5
41	6
41	7
41	10
41	11
42	5
42	6
42	7
43	5
43	6
43	7
44	5
44	6
44	7
45	6
45	9
46	4
47	2
51	8
51	11
52	3
52	4
53	1
54	4
54	6
56	7
56	9
57	6
58	5
59	2
59	8
60	7
60	10
62	7
63	2
64	0
65	0
65	1
70	4
70	8
70	11
71	10
74	7
76	2
76	5
77	1
78	2
79	2
81	7
83	11
1	4
2	3
2	7
3	4
4	11
5	11
6	0
6	9
8	0
10	8
12	0
12	4
13	0
14	3
14	7
15	4
15	5
17	10
18	4
21	7
23	3
23	10
23	11
24	10
25	3
25	5
26	9
27	11
28	0
28	4
28	9
31	2
32	6
34	11
35	2
35	9
35	11
36	3
38	0
38	1
38	7
38	10
39	2
39	3
39	6
40	1
40	4
40	5
40	6
40	7
41	5
41	6
41	7
42	2
42	5
42	6
42	7
43	5
43	6
43	7
43	9
44	5
44	6
44	7
45	6
45	11
46	7
48	0
48	1
48	8
49	4
49	7
49	10
50	3
50	4
50	9
54	3
55	6
55	7
57	8
58	1
59	1
59	5
60	1
60	9
61	9
64	5
64	9
65	2
65	6
65	10
66	4
67	10
68	1
68	6
69	0
69	11
73	3
73	8
75	11
77	8
78	9
79	5
81	10
82	6
82	9
83	9
0	9
1	1
1	7
2	10
5	4
6	5
6	10
7	1
7	9
11	3
11	7
12	11
13	1
13	6
13	10
14	6
15	7
15	9
17	2
18	3
18	6
18	10
19	7
19	8
22	5
23	1
23	8
24	2
24	3
26	3
26	5
27	5
28	2
28	11
29	11
31	5
31	9
32	4
33	2
33	11
34	0
34	9
35	5
36	2
37	2
38	6
39	4
39	6
40	5
40	6
40	7
41	0
41	5
41	6
41	7
42	4
42	5
42	6
42	7
43	5
43	6
43	7
44	5
44	6
44	7
44	8
45	6
46	0
47	5
47	11
48	3
48	9
49	8
51	3
52	8
53	11
56	1
57	7
57	11
58	3
58	11
59	3
60	0
60	2
60	11
61	7
62	2
62	11
66	7
70	3
70	7
72	2
73	5
74	1
74	5
74	6
75	7
76	0
76	6
77	2
77	7
79	3
79	7
79	8
80	3
80	8
82	4
0	2
2	5
4	3
4	6
4	9
5	1
5	2
5	7
5	10
8	1
9	5
9	6
10	0
10	4
11	10
14	11
16	8
18	7
18	11
19	6
19	10
20	4
20	10
22	2
23	7
29	2
30	7
31	3
31	6
32	9
32	11
33	4
35	0
35	6
36	5
37	5
38	4
39	0
39	6
40	5
40	6
40	7
40	8
41	4
41	5
41	6
41	7
42	0
42	1
42	3
42	5
42	6
42	7
42	9
43	5
43	6
43	7
43	8
43	10
44	5
44	6
44	7
45	6
46	1
47	1
47	10
48	11
49	6
51	5
53	5
55	0
55	4
55	10
57	5
58	0
60	6
61	8
62	3
63	1
66	11
67	4
67	7
68	5
71	0
71	1
71	2
71	6
72	7
73	2
73	9
74	2
75	0
76	10
77	4
78	5
78	8
78	11
80	5
80	7
80	11
81	0
81	1
81	6
82	1
82	3
82	7
83	7
