280	120	116	76	12
1044	116
0	5
0	10
1	11
2	5
2	6
3	1
3	7
4	11
7	7
10	0
10	9
11	3
11	10
12	10
13	5
13	10
15	5
15	7
15	8
16	3
17	5
18	9
18	10
19	8
20	11
22	6
22	8
22	10
23	0
23	3
25	2
25	10
26	3
27	4
28	1
28	7
29	2
30	7
31	1
31	6
32	2
33	2
33	3
34	8
34	11
35	6
35	8
36	5
36	6
36	7
37	4
37	5
37	6
37	7
38	5
38	6
38	7
38	8
38	10
39	0
39	3
39	4
39	5
39	6
39	7
39	9
40	2
40	5
40	6
40	7
41	3
41	6
42	5
42	8
42	9
43	1
43	6
45	5
45	7
46	5
49	4
49	10
50	4
50	5
51	0
51	10
52	5
52	7
52	9
54	8
54	10
55	1
55	6
55	10
56	3
57	11
58	2
58	10
60	0
60	4
60	10
62	3
63	3
65	8
66	2
66	4
68	7
68	9
69	4
69	9
70	1
72	2
72	3
73	6
73	9
75	10
0	3
0	6
0	7
2	3
5	3
5	10
5	11
6	3
6	5
6	11
7	8
8	1
8	6
8	7
9	1
9	3
9	11
11	6
12	3
12	5
12	11
13	2
14	8
15	1
16	9
17	0
17	7
17	8
18	3
19	1
19	3
19	5
20	3
20	9
22	5
23	7
25	8
29	1
30	2
30	3
30	9
31	5
33	7
35	2
35	6
36	5
36	6
36	7
36	9
37	3
37	5
37	6
37	7
38	5
38	6
38	7
38	9
39	5
39	6
39	7
39	10
40	5
40	6
40	7
40	11
41	1
41	4
41	5
41	6
42	1
43	0
43	3
43	5
44	2
45	9
45	10
46	6
46	7
46	8
48	2
49	6
50	2
51	9
52	10
53	8
53	11
54	5
54	7
54	9
56	1
57	5
58	0
59	6
59	7
60	3
60	6
60	11
64	0
64	1
64	2
64	5
64	11
65	1
65	3
65	7
66	1
66	7
66	10
68	3
68	4
69	6
70	4
70	6
71	0
71	8
72	5
1	10
2	0
2	1
2	4
3	2
3	4
4	2
4	9
5	8
7	6
7	11
8	5
8	11
9	8
10	10
10	11
11	0
11	9
11	11
12	8
13	1
13	4
17	2
18	2
18	5
19	4
19	9
20	1
20	7
21	7
23	2
23	5
24	4
24	9
25	4
25	9
26	4
28	0
28	10
28	11
29	8
31	9
32	4
32	5
33	10
34	3
35	4
35	6
36	0
36	5
36	6
36	7
37	5
37	6
37	7
37	8
37	10
38	0
38	2
38	3
38	5
38	6
38	7
39	2
39	5
39	6
39	7
39	8
39	11
40	5
40	6
40	7
41	6
42	7
43	9
44	5
44	9
44	11
47	8
47	9
48	6
49	8
50	11
51	1
51	4
51	8
52	4
54	3
55	11
56	0
56	7
58	6
59	11
60	5
60	7
61	6
62	0
62	6
62	10
63	6
64	4
64	7
64	8
65	4
65	9
65	10
65	11
66	5
66	6
69	11
71	11
72	6
72	9
74	6
74	9
75	3
0	4
1	5
2	9
4	1
4	5
4	10
6	1
7	10
9	6
12	4
14	2
14	3
14	6
14	9
14	10
15	9
16	6
16	7
16	10
17	1
17	3
18	1
19	10
20	4
21	0
21	6
22	4
22	7
23	10
25	3
25	5
25	7
27	1
27	3
27	8
27	10
27	11
28	8
31	4
31	7
32	3
33	0
33	1
34	6
34	9
34	10
35	6
36	5
36	6
36	7
37	5
37	6
37	7
37	9
38	1
38	5
38	6
38	7
39	5
39	6
39	7
40	0
40	5
40	6
40	7
41	6
42	6
42	11
44	1
44	10
45	0
45	2
45	4
45	8
45	11
47	4
47	7
47	11
48	7
48	10
49	2
49	9
50	6
54	4
56	2
56	11
57	4
58	4
58	8
59	0
59	4
59	10
61	0
61	2
61	3
61	5
61	10
62	9
65	0
65	2
65	5
66	0
67	0
68	2
68	8
69	0
69	1
69	8
70	7
72	1
74	1
74	5
74	10
75	6
75	7
75	9
1	1
1	8
1	9
2	7
2	10
2	11
3	3
3	8
3	9
4	3
5	0
5	2
5	6
6	2
6	8
6	9
7	9
8	4
9	2
9	7
10	6
10	8
12	1
12	2
14	0
16	0
16	5
17	9
17	11
18	0
18	8
19	0
20	8
21	4
21	10
22	11
25	6
25	11
26	8
26	10
27	7
28	2
29	4
29	9
30	4
30	5
30	11
34	2
34	5
35	1
35	6
35	7
36	5
36	6
36	7
36	8
36	10
37	5
37	6
37	7
37	11
38	5
38	6
38	7
39	5
39	6
39	7
40	5
40	6
40	7
41	6
41	10
42	3
43	2
43	7
43	10
45	6
46	3
47	5
48	4
49	11
50	10
52	2
52	3
55	5
56	10
57	0
57	1
57	7
58	7
59	9
60	1
60	2
60	8
60	9
62	1
62	2
63	8
63	9
66	8
67	4
67	5
67	6
68	6
69	2
70	3
71	1
71	3
72	10
72	11
73	4
73	5
74	2
74	7
75	1
75	11
1	6
2	8
3	10
4	7
5	7
5	9
6	0
7	1
9	0
9	10
10	3
10	4
10	7
11	2
11	7
12	6
12	7
13	3
13	11
15	0
15	10
16	1
16	4
16	8
17	4
19	6
19	7
20	2
20	6
21	1
21	3
21	8
23	1
23	9
24	6
24	8
26	5
29	0
29	3
29	5
29	6
30	0
30	10
31	11
32	0
32	7
32	9
33	6
35	6
35	10
36	3
36	5
36	6
36	7
37	5
37	6
37	7
38	5
38	6
38	7
38	11
39	1
39	5
39	6
39	7
40	5
40	6
40	7
40	8
41	6
42	0
42	10
43	8
44	0
44	3
46	2
46	10
47	3
47	6
48	3
49	7
50	1
52	8
53	0
53	3
53	6
54	1
55	4
55	7
55	8
55	9
56	4
56	6
58	1
58	9
61	4
61	7
61	8
62	7
62	8
63	2
63	11
64	10
67	1
67	2
67	9
67	11
69	10
70	11
71	2
71	9
73	0
73	7
73	11
74	3
75	8
0	1
0	8
1	2
1	3
2	2
3	11
4	4
4	8
5	4
7	0
7	3
9	9
10	5
13	0
13	7
13	9
14	1
15	3
15	11
16	2
16	11
17	6
20	5
20	10
21	2
21	11
22	0
22	9
24	3
24	11
27	0
28	4
28	5
28	6
29	10
30	8
31	2
32	1
33	5
33	8
33	9
34	0
34	1
34	7
35	3
35	5
35	6
36	1
36	5
36	6
36	7
37	0
37	1
37	5
37	6
37	7
38	4
38	5
38	6
38	7
39	5
39	6
39	7
40	1
40	4
40	5
40	6
40	7
41	6
41	7
41	8
42	4
44	6
45	1
46	1
46	11
47	2
48	8
48	11
49	0
49	1
49	3
50	9
51	7
52	0
52	6
53	5
53	9
53	10
54	0
54	2
54	11
55	2
57	2
57	9
57	10
58	3
59	1
59	3
61	1
62	5
62	11
63	7
66	9
67	7
68	11
69	7
70	0
70	9
71	4
71	10
72	7
73	3
73	10
75	4
75	5
1	7
3	0
3	5
4	0
5	1
6	6
6	10
7	4
8	0
8	2
8	8
8	9
11	4
12	9
13	6
13	8
14	7
14	11
15	2
15	4
18	4
18	6
18	7
19	11
20	0
22	1
22	2
22	3
23	6
23	8
24	1
24	5
24	7
25	1
26	0
26	6
26	11
27	5
27	6
27	9
28	9
29	7
30	6
31	8
31	10
32	8
33	11
35	0
35	6
35	9
36	5
36	6
36	7
37	5
37	6
37	7
38	5
38	6
38	7
39	5
39	6
39	7
40	5
40	6
40	7
41	6
42	2
43	4
43	11
44	7
44	8
46	0
46	4
47	1
48	0
48	9
49	5
50	3
50	8
51	5
51	6
51	11
52	11
53	2
53	4
53	7
54	6
55	0
56	5
56	8
56	9
57	8
58	11
59	5
59	8
62	4
63	1
63	4
64	3
64	6
66	11
68	5
68	10
69	3
69	5
70	8
70	10
71	6
72	4
72	8
73	1
73	8
74	0
74	4
74	8
74	11
0	2
0	9
1	4
3	6
4	6
5	5
6	4
6	7
7	2
7	5
8	3
8	10
9	4
9	5
10	1
10	2
11	1
11	5
11	8
12	0
14	4
14	5
15	6
17	10
18	11
19	2
21	5
21	9
23	4
23	11
24	0
24	2
24	10
25	0
26	1
26	2
26	7
26	9
27	2
28	3
29	11
30	1
31	0
31	3
32	6
32	10
32	11
33	4
34	4
35	6
35	11
36	2
36	4
36	5
36	6
36	7
36	11
37	2
37	5
37	6
37	7
38	5
38	6
38	7
39	5
39	6
39	7
40	3
40	5
40	6
40	7
40	9
40	10
41	0
41	2
41	6
41	9
41	11
44	4
45	3
46	9
47	0
47	10
48	1
48	5
50	0
50	7
51	2
51	3
52	1
53	1
55	3
57	3
57	6
58	5
59	2
61	9
61	11
63	0
63	5
63	10
64	9
65	6
66	3
67	3
67	8
67	10
68	0
68	1
70	2
70	5
71	5
71	7
72	0
73	2
75	2
