280	112	116	78	14
1298	118
2	9
2	11
4	5
4	13
5	4
6	7
7	13
10	2
10	7
10	8
10	10
11	5
12	6
12	7
13	10
16	2
16	4
16	9
16	12
19	4
19	5
19	9
20	0
20	2
20	8
20	13
22	8
22	9
22	13
23	5
23	11
24	3
24	13
25	1
25	11
26	0
26	5
26	13
27	1
27	6
27	10
29	2
29	3
29	13
30	7
31	4
32	6
32	7
32	9
35	7
35	11
35	13
36	6
36	7
36	8
37	6
37	7
37	8
38	6
38	7
38	8
39	6
39	7
39	8
39	11
40	6
40	7
40	8
40	9
40	11
40	12
41	2
41	6
41	7
41	8
42	6
42	7
42	8
42	9
44	4
45	4
45	9
47	4
48	12
49	1
50	2
50	10
50	13
51	10
52	8
53	11
53	13
54	0
54	6
55	12
56	5
57	10
58	9
59	7
59	10
62	9
62	10
63	3
63	6
64	1
64	10
68	0
68	11
70	2
70	7
71	5
72	0
72	5
73	6
73	9
76	6
77	6
77	12
1	5
1	8
2	7
3	4
3	9
4	7
4	10
4	12
5	11
8	4
9	7
9	10
11	8
11	9
11	13
12	1
12	4
13	9
14	7
14	9
15	5
15	6
16	1
17	6
17	8
18	11
19	0
22	0
22	12
24	0
25	6
25	7
26	9
28	1
28	4
28	6
29	11
31	2
32	3
33	3
34	6
34	8
34	12
35	1
35	4
35	10
35	12
36	4
36	6
36	7
36	8
36	13
37	6
37	7
37	8
38	6
38	7
38	8
39	1
39	6
39	7
39	8
40	6
40	7
40	8
41	1
41	6
41	7
41	8
41	11
41	13
42	6
42	7
42	8
43	1
43	4
43	12
45	11
47	5
47	6
47	9
47	11
47	12
48	4
49	13
50	5
51	0
51	2
52	11
53	12
54	1
55	1
55	11
56	3
58	0
58	3
58	11
59	2
59	3
59	4
60	3
61	9
61	10
61	13
63	11
63	13
64	11
66	3
69	3
71	10
71	13
72	2
73	0
73	13
76	3
76	11
77	2
77	4
1	2
1	3
1	6
1	13
2	3
2	5
3	6
3	7
3	8
3	13
5	2
5	6
5	12
6	5
7	1
7	3
7	12
8	6
9	4
10	9
13	2
14	1
14	2
15	2
15	8
15	9
17	0
18	10
18	13
19	2
19	6
19	10
20	11
22	11
23	4
23	7
25	8
26	7
29	0
30	2
30	5
30	9
32	1
32	2
34	3
35	2
35	8
36	6
36	7
36	8
36	10
37	6
37	7
37	8
37	13
38	6
38	7
38	8
39	6
39	7
39	8
40	6
40	7
40	8
41	6
41	7
41	8
42	6
42	7
42	8
44	6
44	8
45	0
45	2
46	7
46	8
46	9
46	11
48	6
48	13
49	0
49	7
50	7
50	11
52	1
53	10
54	7
54	8
54	12
55	5
55	9
55	10
58	4
58	13
59	1
59	5
59	6
59	11
60	8
60	12
61	0
62	4
62	6
62	7
62	13
63	1
66	6
67	0
67	1
67	3
68	4
70	0
70	11
71	6
72	1
73	7
74	1
74	10
0	2
0	3
0	9
2	4
2	10
4	6
5	5
5	7
7	9
8	10
9	11
10	0
10	4
11	10
12	11
13	0
13	6
14	6
15	13
16	0
16	6
18	1
18	5
19	11
21	2
21	8
22	1
22	2
22	6
23	0
23	3
23	10
25	10
25	12
27	0
28	3
28	8
29	5
30	0
30	6
31	13
32	10
32	12
33	10
36	1
36	6
36	7
36	8
36	12
37	6
37	7
37	8
37	9
38	6
38	7
38	8
39	6
39	7
39	8
39	10
40	3
40	4
40	6
40	7
40	8
41	6
41	7
41	8
42	1
42	3
42	5
42	6
42	7
42	8
43	2
44	9
44	13
46	2
46	6
47	3
47	7
48	8
49	5
49	8
50	12
51	7
51	13
52	3
52	9
52	12
53	4
54	4
54	11
55	0
56	0
56	11
57	3
57	9
57	11
57	13
60	11
63	10
64	5
65	1
65	2
65	7
67	2
67	11
69	1
69	5
70	10
71	1
71	4
71	9
71	12
72	9
72	12
76	0
0	5
0	8
0	11
1	11
2	2
3	0
3	1
4	1
4	2
5	8
5	10
6	0
6	3
6	8
7	4
8	2
8	5
8	8
8	13
9	8
11	12
12	0
12	9
13	5
14	13
15	4
15	7
16	5
16	11
17	4
17	7
19	1
20	4
21	7
21	13
22	7
23	1
23	8
23	9
23	12
24	4
24	8
24	12
25	0
26	2
26	3
27	7
27	12
28	5
28	9
29	6
29	10
29	12
31	7
31	9
31	11
33	6
33	7
33	13
34	10
36	6
36	7
36	8
37	6
37	7
37	8
38	6
38	7
38	8
39	0
39	6
39	7
39	8
40	6
40	7
40	8
40	13
41	6
41	7
41	8
41	9
42	6
42	7
42	8
43	6
44	10
45	6
46	12
47	0
48	9
53	3
53	9
55	3
55	7
55	13
58	2
58	12
59	0
60	1
61	12
63	9
65	8
65	13
66	0
66	11
68	6
68	13
69	6
69	7
70	1
70	3
72	6
72	8
74	3
74	5
74	9
75	2
77	8
0	1
0	4
0	12
2	0
3	2
3	11
4	4
5	0
6	1
7	7
7	10
9	1
11	4
11	11
12	5
12	8
12	10
13	1
13	8
14	0
14	5
15	10
15	11
17	1
17	5
17	10
17	12
18	12
19	8
19	12
20	6
20	9
21	0
21	1
22	5
24	2
25	5
26	8
27	4
32	0
32	13
33	11
34	0
34	2
34	5
34	13
35	0
35	3
36	6
36	7
36	8
37	0
37	6
37	7
37	8
37	10
38	1
38	6
38	7
38	8
38	12
39	6
39	7
39	8
39	13
40	1
40	5
40	6
40	7
40	8
41	0
41	6
41	7
41	8
42	6
42	7
42	8
42	12
43	13
44	11
45	10
45	13
46	1
49	9
50	6
52	0
52	13
55	4
57	8
57	12
58	7
60	0
61	1
61	3
61	5
61	8
62	8
63	0
63	8
63	12
64	2
64	9
65	6
66	9
66	13
67	10
68	5
69	13
70	5
70	6
71	3
71	8
72	4
73	5
76	1
76	8
76	13
77	1
1	1
1	7
3	3
4	11
5	9
6	6
7	5
7	8
7	11
8	9
10	3
11	6
12	3
14	3
14	11
15	0
17	2
18	8
20	7
21	3
21	9
21	10
23	6
24	11
28	2
28	13
29	1
29	7
30	8
30	11
31	5
32	4
32	11
33	8
33	9
33	12
34	4
34	11
36	5
36	6
36	7
36	8
37	6
37	7
37	8
37	12
38	0
38	6
38	7
38	8
39	6
39	7
39	8
40	0
40	6
40	7
40	8
41	4
41	6
41	7
41	8
41	12
42	6
42	7
42	8
42	10
43	9
43	11
44	1
44	2
45	3
45	5
45	12
47	1
47	8
47	13
49	11
50	8
51	1
51	9
52	2
52	4
53	1
54	2
55	2
55	6
56	6
57	0
58	8
58	10
59	8
59	13
61	2
63	2
64	4
64	6
64	8
65	3
66	1
66	12
67	4
67	9
69	11
70	13
71	2
71	11
72	10
72	13
74	2
74	4
74	6
74	7
74	11
75	12
76	2
76	4
76	5
76	12
2	1
2	6
2	8
4	0
4	3
5	1
6	10
6	13
7	0
7	2
8	7
9	0
10	13
11	0
11	1
11	2
11	3
13	12
14	4
14	10
14	12
16	10
17	3
17	11
17	13
18	0
18	7
18	9
19	7
20	5
21	12
23	13
25	2
25	4
25	9
26	10
26	11
26	12
27	8
27	11
28	7
28	11
29	9
31	0
31	6
33	0
33	1
33	5
34	1
34	7
35	5
35	6
36	6
36	7
36	8
37	3
37	5
37	6
37	7
37	8
38	6
38	7
38	8
38	9
39	2
39	3
39	6
39	7
39	8
39	9
40	6
40	7
40	8
41	6
41	7
41	8
41	10
42	6
42	7
42	8
44	0
44	3
45	7
46	3
46	4
46	5
47	2
48	3
49	3
51	3
51	4
51	8
51	12
53	8
56	7
60	4
60	5
62	2
62	5
62	12
64	3
64	12
65	5
66	7
66	10
67	5
67	13
68	2
68	8
70	8
73	2
73	3
74	8
75	6
75	9
76	10
77	3
77	10
0	10
1	10
1	12
4	8
5	13
6	12
9	13
10	1
10	11
10	12
12	13
14	8
15	3
16	3
16	13
18	2
19	3
20	10
22	3
24	1
26	1
27	3
27	5
28	12
29	8
30	1
30	4
30	10
31	1
31	3
31	10
32	5
34	9
35	9
36	2
36	6
36	7
36	8
36	9
37	6
37	7
37	8
38	5
38	6
38	7
38	8
38	10
39	5
39	6
39	7
39	8
39	12
40	6
40	7
40	8
40	10
41	6
41	7
41	8
42	0
42	2
42	4
42	6
42	7
42	8
44	5
44	7
44	12
45	1
48	0
48	10
48	11
49	4
49	12
50	0
52	7
52	10
53	0
53	7
54	3
54	13
56	2
56	10
56	12
57	6
58	1
58	5
60	2
60	6
60	13
61	11
62	3
63	7
64	13
65	0
65	4
65	12
67	7
67	8
68	3
68	10
68	12
69	2
69	8
69	12
70	4
71	0
72	3
72	11
73	11
75	1
75	7
75	10
75	13
76	9
77	5
77	11
77	13
1	4
1	9
2	12
2	13
3	5
3	10
3	12
4	9
6	9
8	1
8	11
9	3
9	6
9	12
10	5
12	2
12	12
13	3
13	7
13	13
15	1
16	8
17	9
18	3
18	6
20	12
21	5
21	11
23	2
24	5
24	6
24	7
25	3
26	6
27	2
30	12
30	13
31	8
32	8
33	4
36	0
36	6
36	7
36	8
36	11
37	4
37	6
37	7
37	8
37	11
38	2
38	6
38	7
38	8
39	4
39	6
39	7
39	8
40	2
40	6
40	7
40	8
41	6
41	7
41	8
42	6
42	7
42	8
43	3
43	7
46	0
46	10
47	10
48	1
48	2
48	7
49	2
49	6
49	10
50	1
50	3
50	4
50	9
52	5
53	2
53	5
54	9
54	10
55	8
56	8
56	9
56	13
57	5
58	6
59	9
60	9
61	6
61	7
62	0
63	4
63	5
64	0
64	7
65	10
66	4
67	6
69	0
69	10
72	7
73	4
73	10
73	12
74	0
74	13
75	0
75	4
75	5
77	9
0	6
0	7
5	3
6	2
6	4
6	11
7	6
8	0
8	3
8	12
9	2
9	5
9	9
10	6
11	7
13	4
13	11
15	12
16	7
18	4
19	13
20	1
20	3
21	4
21	6
22	4
22	10
24	9
24	10
25	13
26	4
27	9
27	13
28	0
28	10
29	4
30	3
31	12
33	2
36	3
36	6
36	7
36	8
37	1
37	2
37	6
37	7
37	8
38	3
38	4
38	6
38	7
38	8
38	11
38	13
39	6
39	7
39	8
40	6
40	7
40	8
41	3
41	5
41	6
41	7
41	8
42	6
42	7
42	8
42	11
42	13
43	0
43	5
43	8
43	10
45	8
46	13
48	5
51	5
51	6
51	11
52	6
53	6
54	5
56	1
56	4
57	1
57	2
57	4
57	7
59	12
60	7
60	10
61	4
62	1
62	11
65	9
65	11
66	2
66	5
66	8
67	12
68	1
68	7
68	9
69	4
69	9
70	9
70	12
71	7
73	1
73	8
74	12
75	3
75	8
75	11
76	7
77	7
