280	100	78	52	10
603	67
0	4
0	7
2	2
4	2
6	5
6	8
7	0
8	1
9	4
9	8
10	4
11	9
12	0
12	8
13	8
15	2
16	6
16	9
17	3
17	5
19	2
19	6
20	1
22	1
22	8
23	0
23	1
23	6
24	0
24	5
24	7
25	4
25	5
25	6
26	4
26	5
26	6
27	4
27	5
27	6
27	9
28	5
29	5
32	7
33	4
34	3
36	0
36	7
36	9
37	6
37	7
38	0
38	2
38	4
39	1
40	0
40	4
40	6
42	2
43	6
43	8
44	7
46	1
47	1
47	3
49	5
51	6
1	2
1	3
3	5
3	7
5	3
9	0
10	3
10	9
11	7
12	5
12	9
13	9
14	3
14	4
15	0
15	4
15	8
17	6
18	0
18	5
19	0
19	8
21	8
24	5
24	6
25	1
25	4
25	5
25	6
26	4
26	5
26	6
26	8
27	0
27	4
27	5
27	6
28	5
29	1
30	8
31	5
31	6
32	9
35	1
35	3
35	5
35	6
35	8
37	2
38	3
38	8
41	0
41	2
41	6
42	1
42	6
42	8
42	9
43	2
45	3
47	2
47	7
48	2
48	5
48	6
48	8
50	7
1	4
2	1
3	4
3	8
4	7
5	5
5	8
6	1
6	7
7	1
8	8
9	5
11	2
11	8
12	2
14	8
17	1
19	1
19	5
21	7
22	3
23	2
23	3
24	3
24	5
25	3
25	4
25	5
25	6
25	8
26	0
26	4
26	5
26	6
27	1
27	3
27	4
27	5
27	6
28	3
28	4
28	5
28	9
30	1
32	1
33	8
35	0
35	7
36	4
38	6
39	2
40	7
41	4
41	7
43	4
45	1
45	4
45	5
45	6
45	7
46	3
47	5
49	3
49	4
50	2
50	9
51	5
0	2
0	3
0	5
2	7
3	2
4	8
5	1
7	9
8	0
9	7
10	1
10	2
10	5
11	3
13	5
14	0
14	6
14	7
15	1
15	9
16	0
17	4
17	8
18	6
19	4
19	9
20	2
23	4
24	5
25	4
25	5
25	6
26	3
26	4
26	5
26	6
26	9
27	2
27	4
27	5
27	6
28	5
29	4
29	7
30	3
30	5
31	4
32	5
33	1
33	2
33	5
36	3
36	5
38	1
38	5
39	8
40	3
40	9
41	5
43	0
43	3
43	7
44	0
44	8
46	2
48	3
48	4
0	6
1	5
2	5
3	3
3	9
4	6
7	6
7	7
7	8
9	1
9	3
10	8
11	4
12	3
12	7
15	6
16	2
17	7
18	7
19	7
20	0
20	4
20	9
21	3
21	6
24	5
24	8
24	9
25	4
25	5
25	6
26	4
26	5
26	6
27	4
27	5
27	6
27	7
28	5
28	7
29	2
29	9
31	0
32	0
32	3
33	0
34	4
34	9
35	4
36	1
37	1
39	4
40	2
40	8
41	1
41	9
43	5
45	2
45	8
46	4
46	6
46	8
47	6
47	9
49	9
50	4
51	9
1	6
2	9
3	0
4	1
4	4
4	5
5	9
6	2
6	6
6	9
7	3
8	3
8	5
9	6
11	1
12	1
13	6
14	9
15	3
16	4
16	5
17	0
18	4
18	9
20	8
21	1
21	5
22	2
22	4
22	6
24	1
24	4
24	5
25	4
25	5
25	6
26	4
26	5
26	6
27	4
27	5
27	6
27	8
28	2
28	5
29	8
31	1
31	7
32	4
33	9
34	1
34	8
36	2
37	8
37	9
38	7
42	0
42	3
44	3
44	9
49	0
49	7
50	1
50	3
50	5
50	6
51	3
1	8
1	9
2	0
3	1
4	0
4	3
6	4
7	2
8	6
9	2
9	9
10	0
11	0
11	5
11	6
12	6
13	2
13	3
14	2
15	5
16	3
16	7
17	2
18	3
18	8
20	5
20	7
21	9
22	0
22	9
23	7
24	2
24	5
25	4
25	5
25	6
26	4
26	5
26	6
27	4
27	5
27	6
28	0
28	5
30	2
30	6
32	8
34	2
34	6
35	9
36	8
37	3
39	3
39	5
39	6
41	3
41	8
43	9
44	6
45	9
46	7
46	9
47	4
47	8
48	7
48	9
51	2
0	8
1	1
1	7
3	6
5	2
5	4
5	6
5	7
6	0
7	4
7	5
8	7
8	9
12	4
13	0
14	1
14	5
15	7
18	1
18	2
20	3
20	6
21	2
22	7
23	5
23	8
24	5
25	4
25	5
25	6
25	7
26	1
26	2
26	4
26	5
26	6
26	7
27	4
27	5
27	6
28	5
28	8
29	0
29	6
30	4
31	2
32	6
33	7
34	0
34	7
36	6
37	5
39	0
39	7
39	9
42	4
42	7
44	1
44	2
44	5
45	0
48	0
48	1
49	6
51	1
51	4
51	8
2	3
2	4
2	6
2	8
4	9
5	0
6	3
8	2
8	4
10	6
10	7
13	1
13	4
13	7
16	1
16	8
17	9
19	3
21	0
21	4
22	5
23	9
24	5
25	0
25	2
25	4
25	5
25	6
25	9
26	4
26	5
26	6
27	4
27	5
27	6
28	1
28	5
28	6
29	3
30	0
30	7
30	9
31	3
31	8
31	9
32	2
33	3
33	6
34	5
35	2
37	0
37	4
38	9
40	1
40	5
42	5
43	1
44	4
46	0
46	5
47	0
49	1
49	2
49	8
50	0
50	8
51	7
